Las raices son las siguientes:
x1 = (-0.9999999999999999+1.4142135623730951j)
x2 = (-1-1.4142135623730951j)
